As colunas usadas são:
Coluna 1 é numero da barra.
Coluna 10 é potência ativa = carga.
Coluna 11 é potência reativa geração.

num_nos 6

   2 1 1 0.9574      .0       .0      .0  -999.9  9999.9     90.0     40.0      0.0     0
   3 1 1 0.9374      .0       .0      .0  -999.9  9999.9     120.0    80.0      0.0     0
   4 1 1 0.9927      .0       .0      .0  -999.9  9999.9     100.0    60.0      0.0     0
   5 1 1 0.9574      .0       .0      .0  -999.9  9999.9     90.0     40.0      0.0     0
   6 1 1 0.9374      .0       .0      .0  -999.9  9999.9     120.0    80.0      0.0     0
   1 1 1 0.9927      .0       .0      .0  -999.9  9999.9     100.0    60.0      0.0     0


Agora os dados das linhas:

As colunas usadas são:
Coluna 1 é de qual barra parte a linha.
Coluna 2 é em qual barra chega a linha.
Coluna 3 é a resistência da linha.
Coluna 4 é a reatância da linha.

num_arestas 8

   1    2    0.4930   0.2511      0.0      .000     .000     .000    .0     900     .0     7
   1    3    0.3660   0.1864      0.0      .000     .000     .000    .0     900     .0     7
   2    6    0.3811   0.1941      0.0      .000     .000     .000    .0     900     .0     7
   3    6    0.8190   0.7070      0.0      .000     .000     .000    .0     900     .0     7
   3    4    0.1872   0.6188      0.0      .000     .000     .000    .0     900     .0     7
   3    5    0.3811   0.1941      0.0      .000     .000     .000    .0     900     .0     7
   4    5    0.8190   0.7070      0.0      .000     .000     .000    .0     900     .0     7
   5    6    0.1872   0.6188      0.0      .000     .000     .000    .0     900     .0     7


